U = [76    36    56    60    80    97    120   136   146   156 28 37 166 105 79 54 21 103 77 81];%电压的数组
t = [8.52  22.83 23.02 16.02 10.07 26.70 14.20 22.23 12.20 7.31 21.66 24.51 20.48 19.48 21.4 24.23 24.22 15.13 20.26 14.87];%时间的数组
l = [2.00 2.00 2.00 2.00 2.00 2.00 2.00 2.00 2.00 2.00 2.00 2.00 2.00 2.00 2.00 2.00 2.00 2.00 2.00 2.00];
l=10^(-3).*l;

p = 1.013*10^5;
d = 0.005;
b = 6.17*10^(-6)*1333.224;
v = l./t;
r = sqrt(9*1.83*10^(-5).*v/(2*981*9.794));
xishu = 18*pi*d/sqrt(2*981*9.794);
x=(1.83*10^(-5)).*l./(1+b./p./r)./t; 
q = xishu.*(x.^1.5)./U;
q

